intro
36
99
174
197
219
254
346
401
485
531
574
646
676
721
783
880
966
1057
1140
1263
1315
1346
1410
1517
1637
1680
1768
1843
1914
1956
2065
2138
2242
2295
2337
2440
2496
2614
2647
2689
2849
2925
2947
3019
3171
3296
boring_world_cutscene
199
286
trashking2_cutscene
112
157
266
348
373
399
430
461
615
671
javaworld_cutscene
48
139
177
216
253
333
357
411
588
641
barbarian_cutscene
99
179
190
231
255
flashworld_cutscene
12
60
115
138
155
213
292
311
377
imj_cutscene
263
317
342
395
shareware_world_cutscene
42
100
132
186
233
246
284
330
446
474
562
620
654
744
819
888
991
1010
1083
murphy_cutscene
36
87
129
204
217
268
290
314
357
365
381
398
419
445
457
495
520
524
528
532
536
540
576
602
607
629
686
spookyworld_cutscene
20
81
120
124
307
347
372
423
483
500
548
581
890
918
937
953
983
lizardman_cutscene
finalworld_cutscene
147
166
181
205
213
274
302
340
391
441
540
634
696
731
757
780
825
mega_satan_cutscene
21
70
121
183
199
236
302
331
407
453
496
541
573
600
651
729
774
end1
37
51
161
201
230
249
295
358
389
440
462
478
531
625
677
754
828
882
940
979
1025
1058
1085
1140
1170
1227
1266
1280
1395
1683
1696
1733
1756
1788
1857
1863
1930
1935
1981
2022
2038
2046
2124
2141
2171
2214
2257
2285
2293
2326
2388
2413
2502
2585
2605
2615
2638
2694
2715
2773
2797
2836
meme_core_cutscene
18
39
70
120
135
367
433
bplayuh_cutscene
100
167
198
449
525
ending_cutscene_2
17
53
100
131
232
273
343
426
442
470
505
520